0 0.53125 0.44921875 0.1015625 0.0703125
0 0.5078125 0.83203125 0.09375 0.0703125
0 0.8984375 0.580078125 0.0703125 0.08203125
0 0.703125 0.25 0.0703125 0.078125
0 0.76953125 0.32421875 0.078125 0.09375
0 0.07421875 0.56640625 0.09375 0.0859375
0 0.49609375 0.830078125 0.1328125 0.12109375
0 0.923828125 0.578125 0.15234375 0.1328125
0 0.58203125 0.47265625 0.1796875 0.1328125
0 0.703125 0.275390625 0.1484375 0.11328125
0 0.798828125 0.31640625 0.12109375 0.109375
0 0.87890625 0.3515625 0.125 0.109375
0 0.087890625 0.58203125 0.14453125 0.1328125
