0 0.611328125 0.275390625 0.05859375 0.06640625
0 0.537109375 0.734375 0.05078125 0.0625
0 0.28125 0.357421875 0.0546875 0.06640625
0 0.22265625 0.302734375 0.0546875 0.05859375
0 0.669921875 0.6484375 0.05859375 0.046875
0 0.841796875 0.662109375 0.05078125 0.05859375
0 0.7890625 0.564453125 0.046875 0.05859375
0 0.7421875 0.478515625 0.0546875 0.06640625
0 0.904296875 0.763671875 0.04296875 0.05078125
0 0.755859375 0.83203125 0.06640625 0.0625
0 0.693359375 0.73828125 0.06640625 0.0625
0 0.0234375 0.740234375 0.046875 0.06640625
0 0.896484375 0.92578125 0.05859375 0.0546875
0 0.60546875 0.7265625 0.0625 0.078125
