0 0.58203125 0.03515625 0.0390625 0.0390625
0 0.62109375 0.04296875 0.0390625 0.0390625
0 0.6796875 0.04296875 0.0390625 0.0390625
0 0.7734375 0.0546875 0.0390625 0.0390625
0 0.8515625 0.0546875 0.0390625 0.0390625
0 0.45703125 0.078125 0.0390625 0.0390625
0 0.5234375 0.078125 0.0390625 0.0390625
0 0.8515625 0.08203125 0.0390625 0.0390625
0 0.4921875 0.0859375 0.0390625 0.0390625
0 0.890625 0.08984375 0.0390625 0.0390625
0 0.4140625 0.171875 0.0390625 0.0390625
0 0.25 0.3828125 0.0390625 0.0390625
0 0.52734375 0.390625 0.0390625 0.0390625
0 0.328125 0.3984375 0.0390625 0.0390625
0 0.29296875 0.40625 0.0390625 0.0390625
0 0.44140625 0.40625 0.0390625 0.0390625
0 0.31640625 0.4140625 0.0390625 0.0390625
0 0.359375 0.4140625 0.0390625 0.0390625
0 0.65625 0.41796875 0.0390625 0.0390625
0 0.43359375 0.72265625 0.0390625 0.0390625
0 0.4140625 0.7421875 0.0390625 0.0390625
