0 0.91796875 0.3671875 0.0390625 0.0390625
0 0.89453125 0.390625 0.0390625 0.0390625
0 0.8203125 0.46484375 0.0390625 0.0390625
0 0.7890625 0.48046875 0.0390625 0.0390625
0 0.68359375 0.48828125 0.0390625 0.0390625
0 0.52734375 0.49609375 0.0390625 0.0390625
0 0.74609375 0.5 0.0390625 0.0390625
0 0.16796875 0.5078125 0.0390625 0.0390625
0 0.48046875 0.5390625 0.0390625 0.0390625
0 0.41015625 0.5703125 0.0390625 0.0390625
0 0.453125 0.578125 0.0390625 0.0390625
0 0.3984375 0.58984375 0.0390625 0.0390625
