0 0.57421875 0.05078125 0.0390625 0.0390625
0 0.61328125 0.05859375 0.0390625 0.0390625
0 0.671875 0.05859375 0.0390625 0.0390625
0 0.765625 0.0703125 0.0390625 0.0390625
0 0.84375 0.0703125 0.0390625 0.0390625
0 0.44921875 0.09375 0.0390625 0.0390625
0 0.515625 0.09375 0.0390625 0.0390625
0 0.84375 0.09765625 0.0390625 0.0390625
0 0.484375 0.1015625 0.0390625 0.0390625
0 0.8828125 0.10546875 0.0390625 0.0390625
0 0.40625 0.1875 0.0390625 0.0390625
0 0.2421875 0.3984375 0.0390625 0.0390625
0 0.51953125 0.40625 0.0390625 0.0390625
0 0.3203125 0.4140625 0.0390625 0.0390625
0 0.28515625 0.421875 0.0390625 0.0390625
0 0.43359375 0.421875 0.0390625 0.0390625
0 0.30859375 0.4296875 0.0390625 0.0390625
0 0.3515625 0.4296875 0.0390625 0.0390625
0 0.6484375 0.43359375 0.0390625 0.0390625
0 0.42578125 0.73828125 0.0390625 0.0390625
0 0.40625 0.7578125 0.0390625 0.0390625
