0 0.556640625 0.484375 0.07421875 0.0859375
0 0.703125 0.42578125 0.0703125 0.078125
0 0.7265625 0.427734375 0.0859375 0.07421875
0 0.44921875 0.48046875 0.0859375 0.0546875
0 0.4140625 0.46484375 0.078125 0.0859375
0 0.33203125 0.4765625 0.0859375 0.078125
0 0.93359375 0.5546875 0.0703125 0.0859375
0 0.96484375 0.595703125 0.0703125 0.11328125
0 0.43359375 0.5 0.09375 0.09375
0 0.552734375 0.48046875 0.07421875 0.0703125
0 0.703125 0.462890625 0.1171875 0.11328125
0 0.96484375 0.6328125 0.0703125 0.09375
0 0.3203125 0.47265625 0.0625 0.0703125
