0 0.421875 0.08984375 0.140625 0.125
0 0.861328125 0.3046875 0.10546875 0.09375
0 0.87109375 0.40625 0.109375 0.0859375
0 0.875 0.51171875 0.1328125 0.1015625
0 0.453125 0.16796875 0.109375 0.09375
0 0.486328125 0.41796875 0.12109375 0.078125
0 0.3984375 0.32421875 0.1171875 0.09375
0 0.4921875 0.51953125 0.109375 0.09375
0 0.51171875 0.56640625 0.1015625 0.078125
0 0.916015625 0.5546875 0.12890625 0.09375
0 0.9453125 0.615234375 0.09375 0.09765625
0 0.921875 0.71875 0.1171875 0.09375
0 0.919921875 0.861328125 0.12109375 0.08984375
0 0.55859375 0.75390625 0.1171875 0.09375
0 0.5234375 0.634765625 0.109375 0.08984375
0 0.60546875 0.8828125 0.1171875 0.09375
0 0.671875 0.328125 0.1015625 0.0859375
0 0.705078125 0.541015625 0.12109375 0.10546875
0 0.7265625 0.666015625 0.1171875 0.09765625
0 0.08203125 0.396484375 0.109375 0.08984375
0 0.05078125 0.29296875 0.1015625 0.1015625
