0 0.345703125 0.6875 0.07421875 0.078125
0 0.658203125 0.49609375 0.07421875 0.0703125
0 0.66796875 0.53515625 0.0625 0.0625
0 0.41015625 0.666015625 0.0546875 0.05859375
0 0.44140625 0.6875 0.0625 0.0625
0 0.609375 0.693359375 0.0625 0.06640625
0 0.564453125 0.966796875 0.05859375 0.05859375
0 0.576171875 0.921875 0.06640625 0.0703125
0 0.669921875 0.8359375 0.05859375 0.0625
0 0.705078125 0.72265625 0.05859375 0.0703125
0 0.93359375 0.3984375 0.0625 0.0859375
0 0.18359375 0.287109375 0.0703125 0.06640625
0 0.033203125 0.044921875 0.05859375 0.05859375
0 0.666015625 0.64453125 0.05859375 0.0625
0 0.71875 0.943359375 0.0625 0.05859375
0 0.60546875 0.94921875 0.0546875 0.0625
