0 0.77734375 0.27734375 0.078125 0.09375
0 0.962890625 0.1875 0.07421875 0.0859375
0 0.330078125 0.18359375 0.08984375 0.078125
0 0.26953125 0.150390625 0.078125 0.08203125
0 0.501953125 0.314453125 0.08203125 0.08203125
0 0.876953125 0.22265625 0.09765625 0.09375
0 0.357421875 0.203125 0.13671875 0.125
0 0.78515625 0.291015625 0.125 0.13671875
0 0.876953125 0.21875 0.10546875 0.109375
0 0.953125 0.181640625 0.09375 0.09765625
0 0.49609375 0.30078125 0.1171875 0.1171875
0 0.67578125 0.3359375 0.1328125 0.1328125
