0 0.4453125 0.31640625 0.0390625 0.0390625
0 0.4765625 0.328125 0.0390625 0.0390625
0 0.421875 0.33203125 0.0390625 0.0390625
0 0.51171875 0.359375 0.0390625 0.0390625
0 0.77734375 0.5234375 0.0390625 0.0390625
0 0.6171875 0.546875 0.0390625 0.0390625
0 0.7265625 0.546875 0.0390625 0.0390625
0 0.69140625 0.578125 0.0390625 0.0390625
0 0.5703125 0.203125 0.0390625 0.0390625
0 0.65625 0.16796875 0.0390625 0.0390625
0 0.69921875 0.14453125 0.0390625 0.0390625
0 0.73046875 0.12890625 0.0390625 0.0390625
0 0.7578125 0.09375 0.0390625 0.0390625
0 0.8125 0.0859375 0.0390625 0.0390625
0 0.83984375 0.12890625 0.0390625 0.0390625
0 0.875 0.29296875 0.0390625 0.0390625
0 0.88671875 0.30078125 0.0390625 0.0390625
