0 0.3828125 0.201171875 0.046875 0.07421875
0 0.3515625 0.14453125 0.046875 0.0546875
0 0.296875 0.74609375 0.046875 0.0625
0 0.400390625 0.69921875 0.03515625 0.0546875
0 0.458984375 0.6640625 0.04296875 0.0703125
0 0.548828125 0.447265625 0.04296875 0.05078125
0 0.513671875 0.419921875 0.03515625 0.05078125
0 0.662109375 0.662109375 0.04296875 0.05859375
0 0.685546875 0.6953125 0.04296875 0.0546875
0 0.732421875 0.796875 0.04296875 0.0625
0 0.56640625 0.48828125 0.0390625 0.0546875
0 0.599609375 0.552734375 0.03515625 0.05859375
0 0.767578125 0.8984375 0.04296875 0.0625
