0 0.78515625 0.2734375 0.0390625 0.0390625
0 0.76171875 0.296875 0.0390625 0.0390625
0 0.6875 0.37109375 0.0390625 0.0390625
0 0.65625 0.38671875 0.0390625 0.0390625
0 0.55078125 0.39453125 0.0390625 0.0390625
0 0.39453125 0.40234375 0.0390625 0.0390625
0 0.61328125 0.40625 0.0390625 0.0390625
0 0.03515625 0.4140625 0.0390625 0.0390625
0 0.34765625 0.4453125 0.0390625 0.0390625
0 0.27734375 0.4765625 0.0390625 0.0390625
0 0.3203125 0.484375 0.0390625 0.0390625
0 0.265625 0.49609375 0.0390625 0.0390625
