0 0.46484375 0.41796875 0.15625 0.15625
0 0.328125 0.421875 0.15625 0.15625
0 0.2890625 0.45703125 0.15625 0.15625
0 0.56640625 0.48046875 0.15625 0.15625
0 0.66015625 0.484375 0.15625 0.15625
0 0.21484375 0.4921875 0.15625 0.15625
0 0.75390625 0.7890625 0.15625 0.15625
0 0.5703125 0.84375 0.15625 0.15625
0 0.6171875 0.890625 0.15625 0.15625
0 0.6796875 0.5078125 0.15625 0.15625
0 0.6328125 0.47265625 0.15625 0.15625
0 0.4375 0.4140625 0.15625 0.15625
0 0.2734375 0.45703125 0.15625 0.15625
0 0.15234375 0.55859375 0.15625 0.15625
0 0.109375 0.6015625 0.15625 0.15625
