0 0.12109375 0.54296875 0.0859375 0.0859375
0 0.3125 0.548828125 0.09375 0.08203125
0 0.359375 0.52734375 0.078125 0.078125
0 0.427734375 0.4140625 0.08984375 0.1015625
0 0.11328125 0.521484375 0.1328125 0.12890625
0 0.306640625 0.53125 0.08984375 0.0859375
0 0.3984375 0.35546875 0.09375 0.109375
0 0.34765625 0.193359375 0.0859375 0.08203125
0 0.09375 0.37109375 0.078125 0.078125
0 0.3515625 0.06640625 0.1015625 0.0703125
0 0.0859375 0.2734375 0.09375 0.078125
0 0.248046875 0.37890625 0.08984375 0.0625
