0 0.45703125 0.1953125 0.0390625 0.0390625
0 0.49609375 0.203125 0.0390625 0.0390625
0 0.5546875 0.203125 0.0390625 0.0390625
0 0.6484375 0.21484375 0.0390625 0.0390625
0 0.7265625 0.21484375 0.0390625 0.0390625
0 0.33203125 0.23828125 0.0390625 0.0390625
0 0.3984375 0.23828125 0.0390625 0.0390625
0 0.7265625 0.2421875 0.0390625 0.0390625
0 0.3671875 0.24609375 0.0390625 0.0390625
0 0.765625 0.25 0.0390625 0.0390625
0 0.2890625 0.33203125 0.0390625 0.0390625
0 0.125 0.54296875 0.0390625 0.0390625
0 0.40234375 0.55078125 0.0390625 0.0390625
0 0.203125 0.55859375 0.0390625 0.0390625
0 0.16796875 0.56640625 0.0390625 0.0390625
0 0.31640625 0.56640625 0.0390625 0.0390625
0 0.19140625 0.57421875 0.0390625 0.0390625
0 0.234375 0.57421875 0.0390625 0.0390625
0 0.53125 0.578125 0.0390625 0.0390625
0 0.30859375 0.8828125 0.0390625 0.0390625
0 0.2890625 0.90234375 0.0390625 0.0390625
