0 0.41015625 0.44140625 0.0390625 0.0390625
0 0.2265625 0.453125 0.0390625 0.0390625
0 0.15234375 0.4609375 0.0390625 0.0390625
0 0.25 0.46875 0.0390625 0.0390625
0 0.3359375 0.46875 0.0390625 0.0390625
0 0.296875 0.48046875 0.0390625 0.0390625
0 0.42578125 0.48046875 0.0390625 0.0390625
0 0.109375 0.484375 0.0390625 0.0390625
0 0.015625 0.49609375 0.03125 0.0390625
0 0.03125 0.5 0.0390625 0.0390625
0 0.2734375 0.72265625 0.0390625 0.0390625
0 0.05859375 0.7890625 0.0390625 0.0390625
0 0.03515625 0.79296875 0.0390625 0.0390625
0 0.1328125 0.8046875 0.0390625 0.0390625
0 0.19140625 0.8046875 0.0390625 0.0390625
