0 0.037109375 0.66015625 0.07421875 0.1015625
0 0.3671875 0.14453125 0.0859375 0.1171875
0 0.0390625 0.66015625 0.078125 0.0859375
0 0.369140625 0.16015625 0.15234375 0.140625
0 0.615234375 0.068359375 0.13671875 0.12109375
0 0.328125 0.583984375 0.1171875 0.10546875
0 0.05859375 0.849609375 0.109375 0.09765625
0 0.24609375 0.865234375 0.1171875 0.10546875
0 0.2890625 0.7578125 0.109375 0.09375
0 0.3359375 0.6484375 0.1015625 0.1015625
0 0.375 0.451171875 0.109375 0.12109375
0 0.396484375 0.3125 0.12109375 0.1171875
