0 0.83203125 0.25390625 0.078125 0.078125
0 0.896484375 0.232421875 0.08203125 0.10546875
0 0.91796875 0.251953125 0.0703125 0.08203125
0 0.18359375 0.1484375 0.0859375 0.0859375
0 0.10546875 0.189453125 0.078125 0.08984375
0 0.265625 0.1796875 0.109375 0.1171875
0 0.28515625 0.19140625 0.0625 0.078125
0 0.330078125 0.224609375 0.08984375 0.08203125
0 0.955078125 0.212890625 0.08984375 0.08984375
0 0.8203125 0.234375 0.09375 0.0703125
0 0.16796875 0.140625 0.0859375 0.046875
0 0.26171875 0.16015625 0.0859375 0.0703125
0 0.30859375 0.18359375 0.078125 0.0703125
0 0.962890625 0.2421875 0.07421875 0.0703125
0 0.88671875 0.2265625 0.0703125 0.0625
