0 0.974609375 0.279296875 0.03515625 0.04296875
0 0.87890625 0.2265625 0.046875 0.046875
0 0.755859375 0.212890625 0.03515625 0.03515625
0 0.7109375 0.35546875 0.0390625 0.0390625
0 0.7578125 0.365234375 0.03125 0.03515625
0 0.80859375 0.35546875 0.03125 0.0390625
0 0.78125 0.322265625 0.03125 0.03515625
0 0.830078125 0.22265625 0.02734375 0.03125
0 0.798828125 0.21484375 0.02734375 0.03125
0 0.837890625 0.33984375 0.03515625 0.0390625
0 0.875 0.34765625 0.03125 0.0390625
0 0.908203125 0.33203125 0.03515625 0.0390625
0 0.6875 0.8671875 0.0390625 0.0390625
0 0.642578125 0.958984375 0.02734375 0.02734375
0 0.60546875 0.9375 0.03125 0.03125
0 0.66796875 0.982421875 0.0390625 0.03515625
0 0.755859375 0.85546875 0.02734375 0.03125
0 0.912109375 0.984375 0.03515625 0.03125
0 0.86328125 0.978515625 0.03125 0.03515625
0 0.685546875 0.408203125 0.03515625 0.03515625
