0 0.162109375 0.09375 0.16015625 0.15625
0 0.19140625 0.259765625 0.0859375 0.08984375
0 0.234375 0.21875 0.1015625 0.0859375
0 0.27734375 0.2578125 0.078125 0.0859375
0 0.298828125 0.33984375 0.09765625 0.078125
0 0.36328125 0.29296875 0.1015625 0.078125
0 0.3828125 0.37109375 0.078125 0.0703125
0 0.40625 0.46875 0.109375 0.09375
0 0.4609375 0.49609375 0.125 0.0859375
0 0.197265625 0.359375 0.09765625 0.078125
0 0.541015625 0.693359375 0.09765625 0.07421875
0 0.5234375 0.58203125 0.109375 0.0859375
0 0.630859375 0.6171875 0.11328125 0.0859375
0 0.580078125 0.50390625 0.10546875 0.078125
