0 0.8515625 0.51953125 0.0390625 0.0390625
0 0.66796875 0.53125 0.0390625 0.0390625
0 0.59375 0.5390625 0.0390625 0.0390625
0 0.69140625 0.546875 0.0390625 0.0390625
0 0.77734375 0.546875 0.0390625 0.0390625
0 0.73828125 0.55859375 0.0390625 0.0390625
0 0.8671875 0.55859375 0.0390625 0.0390625
0 0.55078125 0.5625 0.0390625 0.0390625
0 0.453125 0.57421875 0.0390625 0.0390625
0 0.47265625 0.578125 0.0390625 0.0390625
0 0.3515625 0.62109375 0.0390625 0.0390625
0 0.26953125 0.640625 0.0390625 0.0390625
0 0.2890625 0.703125 0.0390625 0.0390625
0 0.71484375 0.80078125 0.0390625 0.0390625
0 0.5 0.8671875 0.0390625 0.0390625
0 0.4765625 0.87109375 0.0390625 0.0390625
0 0.57421875 0.8828125 0.0390625 0.0390625
0 0.6328125 0.8828125 0.0390625 0.0390625
