0 0.94921875 0.7734375 0.078125 0.0859375
0 0.796875 0.78125 0.0859375 0.0859375
0 0.044921875 0.84375 0.07421875 0.078125
0 0.5234375 0.4765625 0.0859375 0.0703125
0 0.45703125 0.330078125 0.0703125 0.08203125
0 0.384765625 0.30078125 0.08203125 0.0703125
0 0.47265625 0.4375 0.0703125 0.0703125
0 0.513671875 0.482421875 0.13671875 0.12109375
0 0.46484375 0.447265625 0.109375 0.08984375
0 0.78125 0.767578125 0.1015625 0.12109375
0 0.3828125 0.29296875 0.0625 0.0546875
0 0.4453125 0.34375 0.0546875 0.0546875
0 0.41015625 0.33984375 0.0546875 0.0625
