0 0.76171875 0.3203125 0.0390625 0.0390625
0 0.73828125 0.34375 0.0390625 0.0390625
0 0.6640625 0.41796875 0.0390625 0.0390625
0 0.6328125 0.43359375 0.0390625 0.0390625
0 0.52734375 0.44140625 0.0390625 0.0390625
0 0.37109375 0.44921875 0.0390625 0.0390625
0 0.58984375 0.453125 0.0390625 0.0390625
0 0.015625 0.4609375 0.03125 0.0390625
0 0.32421875 0.4921875 0.0390625 0.0390625
0 0.25390625 0.5234375 0.0390625 0.0390625
0 0.296875 0.53125 0.0390625 0.0390625
0 0.2421875 0.54296875 0.0390625 0.0390625
