0 0.9609375 0.1328125 0.0390625 0.0390625
0 0.9375 0.15625 0.0390625 0.0390625
0 0.86328125 0.23046875 0.0390625 0.0390625
0 0.83203125 0.24609375 0.0390625 0.0390625
0 0.7265625 0.25390625 0.0390625 0.0390625
0 0.5703125 0.26171875 0.0390625 0.0390625
0 0.7890625 0.265625 0.0390625 0.0390625
0 0.2109375 0.2734375 0.0390625 0.0390625
0 0.5234375 0.3046875 0.0390625 0.0390625
0 0.453125 0.3359375 0.0390625 0.0390625
0 0.49609375 0.34375 0.0390625 0.0390625
0 0.44140625 0.35546875 0.0390625 0.0390625
