0 0.3125 0.193359375 0.046875 0.04296875
0 0.296875 0.162109375 0.0390625 0.03515625
0 0.380859375 0.1328125 0.04296875 0.0390625
0 0.345703125 0.015625 0.03515625 0.03125
0 0.416015625 0.05078125 0.03515625 0.0390625
0 0.28515625 0.818359375 0.046875 0.03515625
0 0.501953125 0.7109375 0.02734375 0.03125
0 0.34375 0.642578125 0.03125 0.02734375
0 0.24609375 0.6328125 0.03125 0.03125
0 0.1484375 0.615234375 0.03125 0.02734375
0 0.083984375 0.05078125 0.03515625 0.0390625
0 0.072265625 0.29296875 0.04296875 0.03125
0 0.201171875 0.611328125 0.03515625 0.02734375
0 0.0703125 0.83984375 0.0390625 0.0390625
0 0.0859375 0.892578125 0.03125 0.02734375
