0 0.765625 0.3515625 0.0703125 0.1015625
0 0.490234375 0.6796875 0.08984375 0.0859375
0 0.8515625 0.4765625 0.1171875 0.0859375
0 0.375 0.37109375 0.09375 0.078125
0 0.41796875 0.51171875 0.09375 0.09375
0 0.498046875 0.703125 0.08203125 0.0859375
0 0.623046875 0.82421875 0.08984375 0.0859375
0 0.4765625 0.669921875 0.109375 0.12890625
0 0.34765625 0.4765625 0.140625 0.1328125
0 0.767578125 0.376953125 0.11328125 0.10546875
0 0.830078125 0.501953125 0.10546875 0.12890625
0 0.626953125 0.818359375 0.12890625 0.09765625
