0 0.6484375 0.3671875 0.15625 0.15625
0 0.2578125 0.6953125 0.15625 0.15625
0 0.2109375 0.69921875 0.15625 0.15625
0 0.56640625 0.69921875 0.15625 0.15625
0 0.29296875 0.7109375 0.15625 0.15625
0 0.296875 0.7265625 0.15625 0.15625
0 0.43359375 0.71875 0.15625 0.15625
0 0.55859375 0.734375 0.15625 0.15625
0 0.59765625 0.5078125 0.15625 0.15625
0 0.25 0.93359375 0.15625 0.1328125
0 0.2421875 0.92578125 0.15625 0.1484375
0 0.8828125 0.3984375 0.15625 0.15625
0 0.84765625 0.3828125 0.15625 0.15625
0 0.796875 0.359375 0.15625 0.15625
0 0.75390625 0.359375 0.15625 0.15625
