0 0.6015625 0.2734375 0.15625 0.15625
0 0.6953125 0.2734375 0.15625 0.15625
0 0.6640625 0.27734375 0.15625 0.15625
0 0.484375 0.28125 0.15625 0.15625
0 0.6484375 0.28125 0.15625 0.15625
0 0.42578125 0.2890625 0.15625 0.15625
0 0.37890625 0.3359375 0.15625 0.15625
0 0.77734375 0.3515625 0.15625 0.15625
0 0.26953125 0.421875 0.15625 0.15625
0 0.19140625 0.4765625 0.15625 0.15625
0 0.7265625 0.2578125 0.15625 0.15625
0 0.5703125 0.27734375 0.15625 0.15625
0 0.52734375 0.28515625 0.15625 0.15625
0 0.3359375 0.359375 0.15625 0.15625
0 0.3203125 0.37890625 0.15625 0.15625
0 0.23046875 0.45703125 0.15625 0.15625
0 0.1875 0.51171875 0.15625 0.15625
