0 0.83203125 0.24609375 0.0390625 0.0390625
0 0.6484375 0.2578125 0.0390625 0.0390625
0 0.57421875 0.265625 0.0390625 0.0390625
0 0.671875 0.2734375 0.0390625 0.0390625
0 0.7578125 0.2734375 0.0390625 0.0390625
0 0.71875 0.28515625 0.0390625 0.0390625
0 0.84765625 0.28515625 0.0390625 0.0390625
0 0.53125 0.2890625 0.0390625 0.0390625
0 0.43359375 0.30078125 0.0390625 0.0390625
0 0.453125 0.3046875 0.0390625 0.0390625
0 0.33203125 0.34765625 0.0390625 0.0390625
0 0.25 0.3671875 0.0390625 0.0390625
0 0.26953125 0.4296875 0.0390625 0.0390625
0 0.6953125 0.52734375 0.0390625 0.0390625
0 0.48046875 0.59375 0.0390625 0.0390625
0 0.45703125 0.59765625 0.0390625 0.0390625
0 0.5546875 0.609375 0.0390625 0.0390625
0 0.61328125 0.609375 0.0390625 0.0390625
0 0.609375 0.89453125 0.0390625 0.0390625
0 0.75390625 0.982421875 0.0390625 0.03515625
