0 0.04296875 0.916015625 0.0859375 0.08203125
0 0.3515625 0.779296875 0.0703125 0.08984375
0 0.3828125 0.732421875 0.0859375 0.08203125
0 0.490234375 0.734375 0.06640625 0.0859375
0 0.7578125 0.548828125 0.078125 0.08203125
0 0.68359375 0.634765625 0.078125 0.07421875
0 0.55859375 0.630859375 0.078125 0.08984375
0 0.81640625 0.509765625 0.0859375 0.08984375
0 0.28515625 0.33203125 0.0859375 0.0703125
0 0.62109375 0.056640625 0.0859375 0.08203125
0 0.359375 0.78515625 0.1015625 0.109375
0 0.2734375 0.3359375 0.125 0.1328125
0 0.56640625 0.638671875 0.109375 0.11328125
0 0.494140625 0.76171875 0.10546875 0.109375
0 0.7734375 0.54296875 0.1328125 0.109375
0 0.765625 0.326171875 0.09375 0.08984375
0 0.60546875 0.060546875 0.109375 0.09765625
0 0.67578125 0.638671875 0.09375 0.08984375
