0 0.4765625 0.4453125 0.0390625 0.0390625
0 0.5078125 0.45703125 0.0390625 0.0390625
0 0.453125 0.4609375 0.0390625 0.0390625
0 0.54296875 0.48828125 0.0390625 0.0390625
0 0.80859375 0.65234375 0.0390625 0.0390625
0 0.6484375 0.67578125 0.0390625 0.0390625
0 0.7578125 0.67578125 0.0390625 0.0390625
0 0.72265625 0.70703125 0.0390625 0.0390625
0 0.6015625 0.328125 0.0390625 0.0390625
0 0.6875 0.296875 0.0390625 0.0390625
0 0.73046875 0.2734375 0.0390625 0.0390625
0 0.76171875 0.2734375 0.0390625 0.0390625
0 0.7890625 0.22265625 0.0390625 0.0390625
0 0.84765625 0.21484375 0.0390625 0.0390625
0 0.87109375 0.26171875 0.0390625 0.0390625
0 0.90234375 0.42578125 0.0390625 0.0390625
0 0.91796875 0.4296875 0.0390625 0.0390625
