0 0.43359375 0.3828125 0.15625 0.15625
0 0.296875 0.38671875 0.15625 0.15625
0 0.2578125 0.421875 0.15625 0.15625
0 0.53515625 0.4453125 0.15625 0.15625
0 0.62890625 0.44921875 0.15625 0.15625
0 0.18359375 0.45703125 0.15625 0.15625
0 0.72265625 0.75390625 0.15625 0.15625
0 0.5390625 0.80859375 0.15625 0.15625
0 0.5859375 0.85546875 0.15625 0.15625
0 0.64453125 0.47265625 0.15625 0.15625
0 0.60546875 0.4375 0.15625 0.15625
0 0.58203125 0.44140625 0.15625 0.15625
0 0.40625 0.3828125 0.15625 0.15625
0 0.24609375 0.421875 0.15625 0.15625
0 0.125 0.51953125 0.15625 0.15625
0 0.078125 0.56640625 0.15625 0.15625
