0 0.76171875 0.3203125 0.0390625 0.0390625
0 0.7265625 0.328125 0.0390625 0.0390625
0 0.66796875 0.37109375 0.0390625 0.0390625
0 0.55078125 0.48828125 0.0390625 0.0390625
0 0.51953125 0.56640625 0.0390625 0.0390625
0 0.484375 0.61328125 0.0390625 0.0390625
0 0.4296875 0.6640625 0.0390625 0.0390625
0 0.40234375 0.67578125 0.0390625 0.0390625
0 0.33984375 0.75390625 0.0390625 0.0390625
0 0.3046875 0.84765625 0.0390625 0.0390625
0 0.30859375 0.91796875 0.0390625 0.0390625
0 0.296875 0.98828125 0.0390625 0.0234375
