0 0.45703125 0.08203125 0.0390625 0.0390625
0 0.2265625 0.73046875 0.0390625 0.0390625
0 0.32421875 0.73828125 0.0390625 0.0390625
0 0.42578125 0.15625 0.0390625 0.0390625
0 0.38671875 0.20703125 0.0390625 0.0390625
0 0.3359375 0.2578125 0.0390625 0.0390625
0 0.30859375 0.265625 0.0390625 0.0390625
0 0.24609375 0.34375 0.0390625 0.0390625
0 0.2109375 0.44921875 0.0390625 0.0390625
0 0.21484375 0.515625 0.0390625 0.0390625
0 0.19921875 0.62109375 0.0390625 0.0390625
0 0.56640625 0.8203125 0.0390625 0.0390625
0 0.59375 0.8515625 0.0390625 0.0390625
