0 0.6328125 0.49609375 0.0390625 0.0390625
0 0.671875 0.50390625 0.0390625 0.0390625
0 0.73046875 0.50390625 0.0390625 0.0390625
0 0.82421875 0.515625 0.0390625 0.0390625
0 0.90234375 0.515625 0.0390625 0.0390625
0 0.5078125 0.5390625 0.0390625 0.0390625
0 0.57421875 0.5390625 0.0390625 0.0390625
0 0.90234375 0.54296875 0.0390625 0.0390625
0 0.54296875 0.546875 0.0390625 0.0390625
0 0.94140625 0.55078125 0.0390625 0.0390625
0 0.46484375 0.6328125 0.0390625 0.0390625
0 0.30078125 0.84375 0.0390625 0.0390625
0 0.578125 0.8515625 0.0390625 0.0390625
0 0.37890625 0.859375 0.0390625 0.0390625
0 0.34375 0.8671875 0.0390625 0.0390625
0 0.4921875 0.8671875 0.0390625 0.0390625
0 0.3671875 0.875 0.0390625 0.0390625
0 0.41015625 0.875 0.0390625 0.0390625
0 0.70703125 0.87890625 0.0390625 0.0390625
