0 0.28515625 0.609375 0.0390625 0.03125
0 0.3046875 0.546875 0.0390625 0.03125
0 0.318359375 0.51171875 0.03515625 0.03125
0 0.361328125 0.40234375 0.03515625 0.03125
0 0.337890625 0.443359375 0.03515625 0.02734375
0 0.853515625 0.224609375 0.03515625 0.03515625
0 0.927734375 0.205078125 0.03515625 0.04296875
0 0.583984375 0.591796875 0.03515625 0.04296875
0 0.603515625 0.5859375 0.03515625 0.03125
0 0.697265625 0.51953125 0.03515625 0.0390625
0 0.62890625 0.580078125 0.0390625 0.04296875
0 0.359375 0.7265625 0.046875 0.0390625
0 0.408203125 0.322265625 0.03515625 0.03515625
0 0.375 0.357421875 0.0390625 0.04296875
0 0.79296875 0.375 0.03125 0.03125
0 0.72265625 0.431640625 0.03125 0.04296875
0 0.76171875 0.412109375 0.03125 0.03515625
0 0.916015625 0.384765625 0.03515625 0.04296875
0 0.822265625 0.2578125 0.03515625 0.046875
0 0.548828125 0.64453125 0.03515625 0.046875
0 0.439453125 0.71875 0.04296875 0.0390625
0 0.96875 0.0390625 0.03125 0.046875
0 0.453125 0.19921875 0.0390625 0.0390625
0 0.4296875 0.244140625 0.0390625 0.03515625
0 0.41796875 0.287109375 0.0390625 0.03515625
