0 0.3515625 0.51171875 0.15625 0.15625
0 0.4453125 0.51171875 0.15625 0.15625
0 0.4140625 0.515625 0.15625 0.15625
0 0.234375 0.51953125 0.15625 0.15625
0 0.3984375 0.51953125 0.15625 0.15625
0 0.17578125 0.52734375 0.15625 0.15625
0 0.12890625 0.57421875 0.15625 0.15625
0 0.52734375 0.58984375 0.15625 0.15625
0 0.048828125 0.66015625 0.09765625 0.15625
0 0.4765625 0.5 0.15625 0.15625
0 0.31640625 0.515625 0.15625 0.15625
0 0.27734375 0.5234375 0.15625 0.15625
0 0.08984375 0.59765625 0.15625 0.15625
0 0.072265625 0.6171875 0.14453125 0.15625
