0 0.30078125 0.51953125 0.15625 0.15625
0 0.1640625 0.5234375 0.15625 0.15625
0 0.125 0.55859375 0.15625 0.15625
0 0.40234375 0.58203125 0.15625 0.15625
0 0.49609375 0.5859375 0.15625 0.15625
0 0.064453125 0.59375 0.12890625 0.15625
0 0.58984375 0.890625 0.15625 0.15625
0 0.40625 0.93359375 0.15625 0.1328125
0 0.453125 0.95703125 0.15625 0.0859375
0 0.6484375 0.69140625 0.15625 0.15625
0 0.515625 0.609375 0.15625 0.15625
0 0.46875 0.57421875 0.15625 0.15625
0 0.44921875 0.578125 0.15625 0.15625
0 0.26953125 0.515625 0.15625 0.15625
0 0.11328125 0.55859375 0.15625 0.15625
