0 0.44140625 0.41796875 0.0390625 0.0390625
0 0.47265625 0.4296875 0.0390625 0.0390625
0 0.41796875 0.43359375 0.0390625 0.0390625
0 0.5078125 0.4609375 0.0390625 0.0390625
0 0.7734375 0.625 0.0390625 0.0390625
0 0.61328125 0.6484375 0.0390625 0.0390625
0 0.72265625 0.6484375 0.0390625 0.0390625
0 0.6875 0.6796875 0.0390625 0.0390625
0 0.56640625 0.3046875 0.0390625 0.0390625
0 0.65234375 0.26953125 0.0390625 0.0390625
0 0.6953125 0.24609375 0.0390625 0.0390625
0 0.73046875 0.234375 0.0390625 0.0390625
0 0.75390625 0.1953125 0.0390625 0.0390625
0 0.8125 0.19140625 0.0390625 0.0390625
0 0.83203125 0.234375 0.0390625 0.0390625
0 0.8671875 0.3984375 0.0390625 0.0390625
0 0.8828125 0.40234375 0.0390625 0.0390625
