0 0.34765625 0.46875 0.0390625 0.0390625
0 0.38671875 0.4765625 0.0390625 0.0390625
0 0.4453125 0.4765625 0.0390625 0.0390625
0 0.5390625 0.48828125 0.0390625 0.0390625
0 0.6171875 0.48828125 0.0390625 0.0390625
0 0.22265625 0.51171875 0.0390625 0.0390625
0 0.2890625 0.51171875 0.0390625 0.0390625
0 0.6171875 0.515625 0.0390625 0.0390625
0 0.2578125 0.51953125 0.0390625 0.0390625
0 0.65625 0.5234375 0.0390625 0.0390625
0 0.1796875 0.60546875 0.0390625 0.0390625
0 0.017578125 0.81640625 0.03515625 0.0390625
0 0.29296875 0.82421875 0.0390625 0.0390625
0 0.09375 0.83203125 0.0390625 0.0390625
0 0.05859375 0.83984375 0.0390625 0.0390625
0 0.20703125 0.83984375 0.0390625 0.0390625
0 0.08203125 0.84765625 0.0390625 0.0390625
0 0.125 0.84765625 0.0390625 0.0390625
0 0.421875 0.8515625 0.0390625 0.0390625
