0 0.4921875 0.28125 0.0390625 0.0390625
0 0.45703125 0.2890625 0.0390625 0.0390625
0 0.3984375 0.33203125 0.0390625 0.0390625
0 0.28125 0.44921875 0.0390625 0.0390625
0 0.25 0.5234375 0.0390625 0.0390625
0 0.2109375 0.5703125 0.0390625 0.0390625
0 0.16015625 0.62890625 0.0390625 0.0390625
0 0.1328125 0.6328125 0.0390625 0.0390625
0 0.0703125 0.7109375 0.0390625 0.0390625
0 0.03515625 0.8125 0.0390625 0.0390625
0 0.03515625 0.8828125 0.0390625 0.0390625
0 0.0234375 0.986328125 0.0390625 0.02734375
