0 0.203125 0.4453125 0.0390625 0.0390625
0 0.234375 0.45703125 0.0390625 0.0390625
0 0.1796875 0.4609375 0.0390625 0.0390625
0 0.26953125 0.48828125 0.0390625 0.0390625
0 0.53515625 0.65234375 0.0390625 0.0390625
0 0.375 0.67578125 0.0390625 0.0390625
0 0.484375 0.67578125 0.0390625 0.0390625
0 0.44921875 0.70703125 0.0390625 0.0390625
0 0.328125 0.33203125 0.0390625 0.0390625
0 0.4140625 0.296875 0.0390625 0.0390625
0 0.45703125 0.26953125 0.0390625 0.0390625
0 0.4921875 0.2734375 0.0390625 0.0390625
0 0.51953125 0.22265625 0.0390625 0.0390625
0 0.5703125 0.21484375 0.0390625 0.0390625
0 0.59765625 0.26171875 0.0390625 0.0390625
0 0.62890625 0.42578125 0.0390625 0.0390625
0 0.64453125 0.4296875 0.0390625 0.0390625
