0 0.76171875 0.40234375 0.15625 0.15625
0 0.85546875 0.40234375 0.15625 0.15625
0 0.82421875 0.40625 0.15625 0.15625
0 0.64453125 0.41015625 0.15625 0.15625
0 0.80859375 0.41015625 0.15625 0.15625
0 0.5859375 0.41796875 0.15625 0.15625
0 0.5390625 0.46484375 0.15625 0.15625
0 0.9296875 0.48046875 0.140625 0.15625
0 0.4296875 0.55078125 0.15625 0.15625
0 0.3515625 0.60546875 0.15625 0.15625
0 0.88671875 0.390625 0.15625 0.15625
0 0.7265625 0.40625 0.15625 0.15625
0 0.6875 0.4140625 0.15625 0.15625
0 0.5 0.48828125 0.15625 0.15625
0 0.484375 0.50390625 0.15625 0.15625
0 0.390625 0.5859375 0.15625 0.15625
0 0.34375 0.640625 0.15625 0.15625
