0 0.9140625 0.59375 0.0390625 0.0390625
0 0.73046875 0.60546875 0.0390625 0.0390625
0 0.65625 0.61328125 0.0390625 0.0390625
0 0.75390625 0.62109375 0.0390625 0.0390625
0 0.83984375 0.62109375 0.0390625 0.0390625
0 0.80078125 0.6328125 0.0390625 0.0390625
0 0.9296875 0.6328125 0.0390625 0.0390625
0 0.61328125 0.63671875 0.0390625 0.0390625
0 0.515625 0.6484375 0.0390625 0.0390625
0 0.53515625 0.65234375 0.0390625 0.0390625
0 0.4140625 0.6953125 0.0390625 0.0390625
0 0.33203125 0.71484375 0.0390625 0.0390625
0 0.3515625 0.77734375 0.0390625 0.0390625
0 0.77734375 0.875 0.0390625 0.0390625
0 0.5625 0.94140625 0.0390625 0.0390625
0 0.5390625 0.9453125 0.0390625 0.0390625
0 0.63671875 0.95703125 0.0390625 0.0390625
0 0.6953125 0.95703125 0.0390625 0.0390625
