0 0.4921875 0.31640625 0.0390625 0.0390625
0 0.30859375 0.328125 0.0390625 0.0390625
0 0.234375 0.3359375 0.0390625 0.0390625
0 0.33203125 0.34375 0.0390625 0.0390625
0 0.41796875 0.34375 0.0390625 0.0390625
0 0.37890625 0.35546875 0.0390625 0.0390625
0 0.5078125 0.35546875 0.0390625 0.0390625
0 0.19140625 0.359375 0.0390625 0.0390625
0 0.09375 0.37109375 0.0390625 0.0390625
0 0.11328125 0.375 0.0390625 0.0390625
0 0.35546875 0.59765625 0.0390625 0.0390625
0 0.140625 0.6640625 0.0390625 0.0390625
0 0.1171875 0.66796875 0.0390625 0.0390625
0 0.21484375 0.6796875 0.0390625 0.0390625
0 0.2734375 0.6796875 0.0390625 0.0390625
0 0.26953125 0.96484375 0.0390625 0.0390625
