0 0.53515625 0.23828125 0.125 0.1015625
0 0.833984375 0.23828125 0.08984375 0.1015625
0 0.7890625 0.1953125 0.1015625 0.09375
0 0.8671875 0.162109375 0.1171875 0.08984375
0 0.759765625 0.32421875 0.08984375 0.09375
0 0.55859375 0.20703125 0.109375 0.1171875
0 0.53515625 0.30078125 0.1015625 0.1015625
0 0.83984375 0.625 0.09375 0.1015625
0 0.537109375 0.28515625 0.15234375 0.171875
0 0.791015625 0.2265625 0.17578125 0.1484375
0 0.857421875 0.173828125 0.14453125 0.15234375
0 0.697265625 0.314453125 0.16796875 0.12890625
0 0.94140625 0.37109375 0.109375 0.1015625
0 0.94140625 0.4609375 0.09375 0.09375
