0 0.5546875 0.818359375 0.125 0.12890625
0 0.541015625 0.552734375 0.10546875 0.12109375
0 0.564453125 0.48828125 0.11328125 0.125
0 0.58984375 0.3671875 0.09375 0.125
0 0.869140625 0.125 0.10546875 0.1171875
0 0.916015625 0.08203125 0.12109375 0.125
0 0.56640625 0.16015625 0.125 0.109375
0 0.61328125 0.71875 0.1015625 0.109375
0 0.552734375 0.54296875 0.12109375 0.1171875
0 0.544921875 0.802734375 0.12890625 0.12890625
0 0.607421875 0.720703125 0.13671875 0.10546875
0 0.59375 0.37890625 0.1328125 0.125
0 0.9140625 0.11328125 0.125 0.1015625
0 0.6328125 0.1875 0.125 0.109375
0 0.68359375 0.96484375 0.09375 0.0625
0 0.59765625 0.931640625 0.046875 0.05078125
0 0.724609375 0.94140625 0.06640625 0.0625
