0 0.6796875 0.03515625 0.0390625 0.0390625
0 0.49609375 0.046875 0.0390625 0.0390625
0 0.421875 0.0546875 0.0390625 0.0390625
0 0.51953125 0.0625 0.0390625 0.0390625
0 0.60546875 0.0625 0.0390625 0.0390625
0 0.56640625 0.07421875 0.0390625 0.0390625
0 0.6953125 0.07421875 0.0390625 0.0390625
0 0.37890625 0.078125 0.0390625 0.0390625
0 0.28125 0.08984375 0.0390625 0.0390625
0 0.30078125 0.09375 0.0390625 0.0390625
0 0.1796875 0.13671875 0.0390625 0.0390625
0 0.09765625 0.15625 0.0390625 0.0390625
0 0.1171875 0.21875 0.0390625 0.0390625
0 0.54296875 0.31640625 0.0390625 0.0390625
0 0.328125 0.3828125 0.0390625 0.0390625
0 0.3046875 0.38671875 0.0390625 0.0390625
0 0.40234375 0.3984375 0.0390625 0.0390625
0 0.4609375 0.3984375 0.0390625 0.0390625
0 0.45703125 0.68359375 0.0390625 0.0390625
0 0.6015625 0.7734375 0.0390625 0.0390625
