0 0.6796875 0.5859375 0.0390625 0.0390625
0 0.49609375 0.59765625 0.0390625 0.0390625
0 0.421875 0.60546875 0.0390625 0.0390625
0 0.51953125 0.61328125 0.0390625 0.0390625
0 0.60546875 0.61328125 0.0390625 0.0390625
0 0.56640625 0.625 0.0390625 0.0390625
0 0.6953125 0.625 0.0390625 0.0390625
0 0.37890625 0.62890625 0.0390625 0.0390625
0 0.28125 0.640625 0.0390625 0.0390625
0 0.30078125 0.64453125 0.0390625 0.0390625
0 0.1796875 0.6875 0.0390625 0.0390625
0 0.09765625 0.70703125 0.0390625 0.0390625
0 0.1171875 0.76953125 0.0390625 0.0390625
0 0.54296875 0.8671875 0.0390625 0.0390625
0 0.328125 0.93359375 0.0390625 0.0390625
0 0.3046875 0.9375 0.0390625 0.0390625
0 0.40234375 0.94921875 0.0390625 0.0390625
0 0.4609375 0.94921875 0.0390625 0.0390625
