0 0.43359375 0.369140625 0.0625 0.05859375
0 0.056640625 0.8671875 0.05078125 0.0546875
0 0.95703125 0.802734375 0.0625 0.07421875
0 0.318359375 0.796875 0.06640625 0.078125
0 0.173828125 0.958984375 0.05078125 0.05078125
0 0.1640625 0.953125 0.0390625 0.0390625
0 0.19140625 0.974609375 0.0390625 0.04296875
0 0.244140625 0.07421875 0.08203125 0.0859375
0 0.5 0.47265625 0.046875 0.0546875
0 0.705078125 0.333984375 0.05859375 0.07421875
0 0.751953125 0.357421875 0.05859375 0.08203125
0 0.771484375 0.466796875 0.05078125 0.07421875
0 0.337890625 0.361328125 0.05859375 0.05859375
0 0.36328125 0.357421875 0.0546875 0.05859375
0 0.392578125 0.36328125 0.05078125 0.0546875
0 0.37890625 0.103515625 0.0625 0.06640625
