0 0.53515625 0.5078125 0.0390625 0.0390625
0 0.3515625 0.51953125 0.0390625 0.0390625
0 0.27734375 0.52734375 0.0390625 0.0390625
0 0.375 0.53515625 0.0390625 0.0390625
0 0.4609375 0.53515625 0.0390625 0.0390625
0 0.421875 0.546875 0.0390625 0.0390625
0 0.55078125 0.546875 0.0390625 0.0390625
0 0.234375 0.55078125 0.0390625 0.0390625
0 0.13671875 0.5625 0.0390625 0.0390625
0 0.15625 0.56640625 0.0390625 0.0390625
0 0.03515625 0.609375 0.0390625 0.0390625
0 0.3984375 0.7890625 0.0390625 0.0390625
0 0.18359375 0.85546875 0.0390625 0.0390625
0 0.16015625 0.859375 0.0390625 0.0390625
0 0.2578125 0.87109375 0.0390625 0.0390625
0 0.31640625 0.87109375 0.0390625 0.0390625
