0 0.3359375 0.1953125 0.0390625 0.0390625
0 0.375 0.203125 0.0390625 0.0390625
0 0.43359375 0.203125 0.0390625 0.0390625
0 0.52734375 0.21484375 0.0390625 0.0390625
0 0.60546875 0.21484375 0.0390625 0.0390625
0 0.2109375 0.23828125 0.0390625 0.0390625
0 0.27734375 0.23828125 0.0390625 0.0390625
0 0.60546875 0.2421875 0.0390625 0.0390625
0 0.24609375 0.24609375 0.0390625 0.0390625
0 0.64453125 0.25 0.0390625 0.0390625
0 0.16796875 0.33203125 0.0390625 0.0390625
0 0.01171875 0.54296875 0.0234375 0.0390625
0 0.28125 0.55078125 0.0390625 0.0390625
0 0.08203125 0.55859375 0.0390625 0.0390625
0 0.046875 0.56640625 0.0390625 0.0390625
0 0.1953125 0.56640625 0.0390625 0.0390625
0 0.0703125 0.57421875 0.0390625 0.0390625
0 0.11328125 0.57421875 0.0390625 0.0390625
0 0.41015625 0.578125 0.0390625 0.0390625
0 0.1875 0.8828125 0.0390625 0.0390625
0 0.16796875 0.90234375 0.0390625 0.0390625
