0 0.8671875 0.13671875 0.0390625 0.0390625
0 0.68359375 0.1484375 0.0390625 0.0390625
0 0.609375 0.15625 0.0390625 0.0390625
0 0.70703125 0.1640625 0.0390625 0.0390625
0 0.79296875 0.1640625 0.0390625 0.0390625
0 0.75390625 0.17578125 0.0390625 0.0390625
0 0.8828125 0.17578125 0.0390625 0.0390625
0 0.56640625 0.1796875 0.0390625 0.0390625
0 0.46875 0.19140625 0.0390625 0.0390625
0 0.48828125 0.1953125 0.0390625 0.0390625
0 0.3671875 0.23828125 0.0390625 0.0390625
0 0.28515625 0.2578125 0.0390625 0.0390625
0 0.3046875 0.3203125 0.0390625 0.0390625
0 0.73046875 0.41796875 0.0390625 0.0390625
0 0.515625 0.484375 0.0390625 0.0390625
0 0.4921875 0.48828125 0.0390625 0.0390625
0 0.58984375 0.5 0.0390625 0.0390625
0 0.6484375 0.5 0.0390625 0.0390625
0 0.64453125 0.78515625 0.0390625 0.0390625
0 0.7890625 0.875 0.0390625 0.0390625
