0 0.4453125 0.720703125 0.0390625 0.04296875
0 0.29296875 0.66015625 0.0390625 0.0390625
0 0.322265625 0.810546875 0.04296875 0.04296875
0 0.4296875 0.8203125 0.03125 0.03125
0 0.474609375 0.69921875 0.04296875 0.0390625
0 0.5625 0.52734375 0.03125 0.0390625
0 0.513671875 0.60546875 0.03515625 0.0390625
0 0.521484375 0.572265625 0.04296875 0.03515625
0 0.5390625 0.552734375 0.03125 0.03515625
0 0.615234375 0.669921875 0.03515625 0.03515625
0 0.71484375 0.41015625 0.03125 0.03125
0 0.77734375 0.390625 0.0390625 0.0390625
0 0.890625 0.109375 0.0390625 0.046875
0 0.9140625 0.056640625 0.03125 0.03515625
0 0.607421875 0.455078125 0.04296875 0.03515625
0 0.498046875 0.775390625 0.03515625 0.03515625
0 0.26953125 0.6953125 0.03125 0.0390625
