0 0.83203125 0.27734375 0.0390625 0.0390625
0 0.7578125 0.28515625 0.0390625 0.0390625
0 0.85546875 0.29296875 0.0390625 0.0390625
0 0.94140625 0.29296875 0.0390625 0.0390625
0 0.90234375 0.3046875 0.0390625 0.0390625
0 0.71484375 0.30859375 0.0390625 0.0390625
0 0.6171875 0.3203125 0.0390625 0.0390625
0 0.63671875 0.32421875 0.0390625 0.0390625
0 0.515625 0.3671875 0.0390625 0.0390625
0 0.43359375 0.38671875 0.0390625 0.0390625
0 0.453125 0.44921875 0.0390625 0.0390625
0 0.87890625 0.546875 0.0390625 0.0390625
0 0.6640625 0.61328125 0.0390625 0.0390625
0 0.640625 0.6171875 0.0390625 0.0390625
0 0.73828125 0.62890625 0.0390625 0.0390625
0 0.796875 0.62890625 0.0390625 0.0390625
0 0.79296875 0.9140625 0.0390625 0.0390625
