0 0.51953125 0.6953125 0.0390625 0.0390625
0 0.3359375 0.70703125 0.0390625 0.0390625
0 0.26171875 0.71484375 0.0390625 0.0390625
0 0.359375 0.72265625 0.0390625 0.0390625
0 0.4453125 0.72265625 0.0390625 0.0390625
0 0.40625 0.734375 0.0390625 0.0390625
0 0.53515625 0.734375 0.0390625 0.0390625
0 0.21875 0.73828125 0.0390625 0.0390625
0 0.12109375 0.75 0.0390625 0.0390625
0 0.140625 0.75390625 0.0390625 0.0390625
0 0.01953125 0.796875 0.0390625 0.0390625
0 0.3828125 0.9765625 0.0390625 0.0390625
