0 0.390625 0.609375 0.0390625 0.0390625
0 0.4296875 0.6171875 0.0390625 0.0390625
0 0.48828125 0.6171875 0.0390625 0.0390625
0 0.58203125 0.62890625 0.0390625 0.0390625
0 0.66015625 0.62890625 0.0390625 0.0390625
0 0.265625 0.65234375 0.0390625 0.0390625
0 0.33203125 0.65234375 0.0390625 0.0390625
0 0.66015625 0.65625 0.0390625 0.0390625
0 0.30078125 0.66015625 0.0390625 0.0390625
0 0.69921875 0.6640625 0.0390625 0.0390625
0 0.22265625 0.74609375 0.0390625 0.0390625
0 0.05859375 0.95703125 0.0390625 0.0390625
0 0.3359375 0.96484375 0.0390625 0.0390625
0 0.13671875 0.97265625 0.0390625 0.0390625
0 0.1015625 0.98046875 0.0390625 0.0390625
0 0.25 0.98046875 0.0390625 0.0390625
0 0.125 0.984375 0.0390625 0.03125
0 0.16796875 0.984375 0.0390625 0.03125
0 0.46484375 0.986328125 0.0390625 0.02734375
