0 0.4375 0.69921875 0.0390625 0.0390625
0 0.46875 0.7109375 0.0390625 0.0390625
0 0.4140625 0.71484375 0.0390625 0.0390625
0 0.50390625 0.7421875 0.0390625 0.0390625
0 0.76953125 0.90625 0.0390625 0.0390625
0 0.609375 0.9296875 0.0390625 0.0390625
0 0.71875 0.9296875 0.0390625 0.0390625
0 0.68359375 0.9609375 0.0390625 0.0390625
0 0.5625 0.58984375 0.0390625 0.0390625
0 0.6484375 0.55078125 0.0390625 0.0390625
0 0.6875 0.52734375 0.0390625 0.0390625
0 0.72265625 0.515625 0.0390625 0.0390625
0 0.75390625 0.48046875 0.0390625 0.0390625
0 0.8046875 0.47265625 0.0390625 0.0390625
0 0.828125 0.51953125 0.0390625 0.0390625
0 0.86328125 0.68359375 0.0390625 0.0390625
0 0.87890625 0.68359375 0.0390625 0.0390625
