0 0.42578125 0.359375 0.15625 0.15625
0 0.056640625 0.6875 0.11328125 0.15625
0 0.34375 0.69140625 0.15625 0.15625
0 0.07421875 0.703125 0.1484375 0.15625
0 0.076171875 0.71875 0.15234375 0.15625
0 0.66015625 0.390625 0.15625 0.15625
0 0.625 0.375 0.15625 0.15625
0 0.578125 0.3515625 0.15625 0.15625
0 0.52734375 0.35546875 0.15625 0.15625
0 0.37890625 0.50390625 0.15625 0.15625
0 0.33984375 0.72265625 0.15625 0.15625
0 0.20703125 0.7109375 0.15625 0.15625
0 0.05078125 0.91796875 0.1015625 0.15625
0 0.052734375 0.927734375 0.10546875 0.14453125
