0 0.97265625 0.1640625 0.0390625 0.0390625
0 0.7890625 0.17578125 0.0390625 0.0390625
0 0.71484375 0.18359375 0.0390625 0.0390625
0 0.8125 0.19140625 0.0390625 0.0390625
0 0.8984375 0.19140625 0.0390625 0.0390625
0 0.859375 0.203125 0.0390625 0.0390625
0 0.984375 0.203125 0.03125 0.0390625
0 0.671875 0.20703125 0.0390625 0.0390625
0 0.57421875 0.21875 0.0390625 0.0390625
0 0.59375 0.22265625 0.0390625 0.0390625
0 0.47265625 0.265625 0.0390625 0.0390625
0 0.390625 0.28515625 0.0390625 0.0390625
0 0.41015625 0.34765625 0.0390625 0.0390625
0 0.8359375 0.4453125 0.0390625 0.0390625
0 0.62109375 0.51171875 0.0390625 0.0390625
0 0.59765625 0.515625 0.0390625 0.0390625
0 0.6953125 0.52734375 0.0390625 0.0390625
0 0.75390625 0.52734375 0.0390625 0.0390625
0 0.75 0.8125 0.0390625 0.0390625
0 0.89453125 0.90234375 0.0390625 0.0390625
