0 0.9453125 0.2109375 0.0390625 0.0390625
0 0.91015625 0.21875 0.0390625 0.0390625
0 0.8515625 0.26171875 0.0390625 0.0390625
0 0.734375 0.37890625 0.0390625 0.0390625
0 0.69921875 0.44921875 0.0390625 0.0390625
0 0.6640625 0.50390625 0.0390625 0.0390625
0 0.609375 0.5546875 0.0390625 0.0390625
0 0.5859375 0.5625 0.0390625 0.0390625
0 0.5234375 0.640625 0.0390625 0.0390625
0 0.48828125 0.7421875 0.0390625 0.0390625
0 0.4921875 0.8125 0.0390625 0.0390625
0 0.48046875 0.9296875 0.0390625 0.0390625
