0 0.26953125 0.28125 0.0390625 0.0390625
0 0.30859375 0.2890625 0.0390625 0.0390625
0 0.3671875 0.2890625 0.0390625 0.0390625
0 0.4609375 0.30078125 0.0390625 0.0390625
0 0.5390625 0.30078125 0.0390625 0.0390625
0 0.14453125 0.32421875 0.0390625 0.0390625
0 0.2109375 0.32421875 0.0390625 0.0390625
0 0.5390625 0.328125 0.0390625 0.0390625
0 0.1796875 0.33203125 0.0390625 0.0390625
0 0.578125 0.3359375 0.0390625 0.0390625
0 0.1015625 0.41796875 0.0390625 0.0390625
0 0.21484375 0.63671875 0.0390625 0.0390625
0 0.017578125 0.64453125 0.03515625 0.0390625
0 0.12890625 0.65234375 0.0390625 0.0390625
0 0.01171875 0.66015625 0.0234375 0.0390625
0 0.046875 0.66015625 0.0390625 0.0390625
0 0.34375 0.6640625 0.0390625 0.0390625
0 0.12109375 0.96875 0.0390625 0.0390625
0 0.1015625 0.984375 0.0390625 0.03125
