0 0.205078125 0.41796875 0.08203125 0.0625
0 0.2265625 0.3984375 0.0546875 0.0625
0 0.71875 0.259765625 0.046875 0.06640625
0 0.666015625 0.255859375 0.05078125 0.06640625
0 0.57421875 0.2578125 0.0703125 0.0625
0 0.51953125 0.25 0.0625 0.0703125
0 0.45703125 0.25390625 0.0703125 0.0625
0 0.3203125 0.33984375 0.0703125 0.078125
0 0.375 0.3046875 0.0859375 0.078125
0 0.720703125 0.2734375 0.11328125 0.1171875
0 0.19140625 0.48828125 0.1171875 0.1171875
0 0.3359375 0.380859375 0.1171875 0.12109375
