0 0.078125 0.072265625 0.1171875 0.10546875
0 0.1015625 0.19921875 0.125 0.09375
0 0.044921875 0.181640625 0.08984375 0.08984375
0 0.26953125 0.078125 0.09375 0.0859375
0 0.306640625 0.09375 0.08203125 0.0859375
0 0.486328125 0.05078125 0.12109375 0.09375
0 0.08203125 0.087890625 0.09375 0.08203125
0 0.259765625 0.07421875 0.08203125 0.0859375
0 0.474609375 0.048828125 0.09765625 0.09765625
0 0.255859375 0.140625 0.09765625 0.09375
0 0.02734375 0.193359375 0.0546875 0.07421875
0 0.078125 0.212890625 0.0859375 0.08984375
