0 0.6796875 0.07421875 0.0390625 0.0390625
0 0.71875 0.08203125 0.0390625 0.0390625
0 0.77734375 0.08203125 0.0390625 0.0390625
0 0.87109375 0.09375 0.0390625 0.0390625
0 0.94921875 0.09375 0.0390625 0.0390625
0 0.5546875 0.1171875 0.0390625 0.0390625
0 0.62109375 0.1171875 0.0390625 0.0390625
0 0.94921875 0.12109375 0.0390625 0.0390625
0 0.58984375 0.125 0.0390625 0.0390625
0 0.984375 0.12890625 0.03125 0.0390625
0 0.51171875 0.2109375 0.0390625 0.0390625
0 0.34765625 0.421875 0.0390625 0.0390625
0 0.625 0.4296875 0.0390625 0.0390625
0 0.42578125 0.4375 0.0390625 0.0390625
0 0.390625 0.4453125 0.0390625 0.0390625
0 0.5390625 0.4453125 0.0390625 0.0390625
0 0.4140625 0.453125 0.0390625 0.0390625
0 0.45703125 0.453125 0.0390625 0.0390625
0 0.75390625 0.45703125 0.0390625 0.0390625
0 0.53125 0.76171875 0.0390625 0.0390625
0 0.51171875 0.78125 0.0390625 0.0390625
