0 0.57421875 0.55859375 0.0390625 0.0390625
0 0.60546875 0.5703125 0.0390625 0.0390625
0 0.55078125 0.57421875 0.0390625 0.0390625
0 0.640625 0.6015625 0.0390625 0.0390625
0 0.90625 0.765625 0.0390625 0.0390625
0 0.74609375 0.7890625 0.0390625 0.0390625
0 0.85546875 0.7890625 0.0390625 0.0390625
0 0.8203125 0.8203125 0.0390625 0.0390625
0 0.69921875 0.44921875 0.0390625 0.0390625
0 0.78515625 0.4140625 0.0390625 0.0390625
0 0.828125 0.38671875 0.0390625 0.0390625
0 0.859375 0.375 0.0390625 0.0390625
0 0.88671875 0.33984375 0.0390625 0.0390625
0 0.9453125 0.33203125 0.0390625 0.0390625
0 0.96484375 0.375 0.0390625 0.0390625
