0 0.453125 0.21484375 0.0390625 0.0390625
0 0.4921875 0.22265625 0.0390625 0.0390625
0 0.55078125 0.22265625 0.0390625 0.0390625
0 0.64453125 0.234375 0.0390625 0.0390625
0 0.72265625 0.234375 0.0390625 0.0390625
0 0.328125 0.2578125 0.0390625 0.0390625
0 0.39453125 0.2578125 0.0390625 0.0390625
0 0.72265625 0.26171875 0.0390625 0.0390625
0 0.36328125 0.265625 0.0390625 0.0390625
0 0.76171875 0.26953125 0.0390625 0.0390625
0 0.28515625 0.3515625 0.0390625 0.0390625
0 0.12109375 0.5625 0.0390625 0.0390625
0 0.3984375 0.5703125 0.0390625 0.0390625
0 0.19921875 0.578125 0.0390625 0.0390625
0 0.1640625 0.5859375 0.0390625 0.0390625
0 0.3125 0.5859375 0.0390625 0.0390625
0 0.1875 0.59375 0.0390625 0.0390625
0 0.23046875 0.59375 0.0390625 0.0390625
0 0.52734375 0.59765625 0.0390625 0.0390625
0 0.3046875 0.90234375 0.0390625 0.0390625
0 0.28515625 0.921875 0.0390625 0.0390625
