0 0.93359375 0.30859375 0.0390625 0.0390625
0 0.75 0.3203125 0.0390625 0.0390625
0 0.67578125 0.328125 0.0390625 0.0390625
0 0.7734375 0.3359375 0.0390625 0.0390625
0 0.859375 0.3359375 0.0390625 0.0390625
0 0.8203125 0.34765625 0.0390625 0.0390625
0 0.94921875 0.34765625 0.0390625 0.0390625
0 0.6328125 0.3515625 0.0390625 0.0390625
0 0.53515625 0.36328125 0.0390625 0.0390625
0 0.5546875 0.3671875 0.0390625 0.0390625
0 0.43359375 0.41015625 0.0390625 0.0390625
0 0.3515625 0.4296875 0.0390625 0.0390625
0 0.37109375 0.4921875 0.0390625 0.0390625
0 0.796875 0.58984375 0.0390625 0.0390625
0 0.58203125 0.65625 0.0390625 0.0390625
0 0.55859375 0.66015625 0.0390625 0.0390625
0 0.65625 0.671875 0.0390625 0.0390625
0 0.71484375 0.671875 0.0390625 0.0390625
0 0.7109375 0.95703125 0.0390625 0.0390625
