0 0.208984375 0.6171875 0.10546875 0.1015625
0 0.51953125 0.751953125 0.109375 0.10546875
0 0.43359375 0.74609375 0.1015625 0.09375
0 0.705078125 0.857421875 0.09765625 0.11328125
0 0.58984375 0.8125 0.078125 0.09375
0 0.875 0.8359375 0.09375 0.109375
0 0.958984375 0.90625 0.08203125 0.1171875
0 0.046875 0.68359375 0.09375 0.1171875
0 0.197265625 0.630859375 0.12109375 0.11328125
0 0.052734375 0.65234375 0.10546875 0.109375
0 0.044921875 0.7109375 0.08984375 0.09375
0 0.4921875 0.763671875 0.1171875 0.08203125
0 0.69921875 0.876953125 0.09375 0.11328125
0 0.876953125 0.861328125 0.11328125 0.10546875
0 0.58203125 0.822265625 0.1015625 0.10546875
