0 0.51953125 0.5859375 0.0390625 0.0390625
0 0.3359375 0.59765625 0.0390625 0.0390625
0 0.26171875 0.60546875 0.0390625 0.0390625
0 0.359375 0.61328125 0.0390625 0.0390625
0 0.4453125 0.61328125 0.0390625 0.0390625
0 0.40625 0.625 0.0390625 0.0390625
0 0.53515625 0.625 0.0390625 0.0390625
0 0.21875 0.62890625 0.0390625 0.0390625
0 0.12109375 0.640625 0.0390625 0.0390625
0 0.140625 0.64453125 0.0390625 0.0390625
0 0.01953125 0.6875 0.0390625 0.0390625
0 0.3828125 0.8671875 0.0390625 0.0390625
0 0.16796875 0.93359375 0.0390625 0.0390625
0 0.14453125 0.9375 0.0390625 0.0390625
0 0.2421875 0.94921875 0.0390625 0.0390625
0 0.30078125 0.94921875 0.0390625 0.0390625
