0 0.703125 0.203125 0.0390625 0.0390625
0 0.7421875 0.2109375 0.0390625 0.0390625
0 0.80078125 0.2109375 0.0390625 0.0390625
0 0.89453125 0.22265625 0.0390625 0.0390625
0 0.97265625 0.22265625 0.0390625 0.0390625
0 0.578125 0.24609375 0.0390625 0.0390625
0 0.64453125 0.24609375 0.0390625 0.0390625
0 0.97265625 0.25 0.0390625 0.0390625
0 0.61328125 0.25390625 0.0390625 0.0390625
0 0.53515625 0.33984375 0.0390625 0.0390625
0 0.37109375 0.55078125 0.0390625 0.0390625
0 0.6484375 0.55859375 0.0390625 0.0390625
0 0.44921875 0.56640625 0.0390625 0.0390625
0 0.4140625 0.57421875 0.0390625 0.0390625
0 0.5625 0.57421875 0.0390625 0.0390625
0 0.4375 0.58203125 0.0390625 0.0390625
0 0.48046875 0.58203125 0.0390625 0.0390625
0 0.77734375 0.5859375 0.0390625 0.0390625
0 0.5546875 0.890625 0.0390625 0.0390625
0 0.53515625 0.91015625 0.0390625 0.0390625
