0 0.96484375 0.21484375 0.0390625 0.0390625
0 0.94140625 0.23828125 0.0390625 0.0390625
0 0.8671875 0.3125 0.0390625 0.0390625
0 0.8359375 0.328125 0.0390625 0.0390625
0 0.73046875 0.3359375 0.0390625 0.0390625
0 0.57421875 0.34375 0.0390625 0.0390625
0 0.79296875 0.34765625 0.0390625 0.0390625
0 0.21484375 0.35546875 0.0390625 0.0390625
0 0.52734375 0.38671875 0.0390625 0.0390625
0 0.45703125 0.41796875 0.0390625 0.0390625
0 0.5 0.42578125 0.0390625 0.0390625
0 0.4453125 0.4375 0.0390625 0.0390625
