0 0.9453125 0.26953125 0.0390625 0.0390625
0 0.87109375 0.27734375 0.0390625 0.0390625
0 0.96875 0.28515625 0.0390625 0.0390625
0 0.828125 0.30078125 0.0390625 0.0390625
0 0.73046875 0.3125 0.0390625 0.0390625
0 0.75 0.31640625 0.0390625 0.0390625
0 0.62890625 0.359375 0.0390625 0.0390625
0 0.546875 0.37890625 0.0390625 0.0390625
0 0.56640625 0.44140625 0.0390625 0.0390625
0 0.986328125 0.5390625 0.02734375 0.0390625
0 0.77734375 0.60546875 0.0390625 0.0390625
0 0.75390625 0.609375 0.0390625 0.0390625
0 0.8515625 0.62109375 0.0390625 0.0390625
0 0.91015625 0.62109375 0.0390625 0.0390625
0 0.90625 0.90625 0.0390625 0.0390625
