0 0.484375 0.24609375 0.1015625 0.0703125
0 0.47265625 0.40625 0.1015625 0.078125
0 0.50390625 0.5703125 0.09375 0.078125
0 0.486328125 0.45703125 0.08203125 0.0859375
0 0.708984375 0.107421875 0.10546875 0.10546875
0 0.74609375 0.0546875 0.0859375 0.0859375
0 0.47265625 0.337890625 0.1015625 0.08203125
0 0.51171875 0.25390625 0.140625 0.1171875
0 0.51953125 0.56640625 0.1484375 0.125
0 0.732421875 0.1015625 0.15234375 0.1484375
0 0.482421875 0.400390625 0.15234375 0.13671875
0 0.802734375 0.05859375 0.16796875 0.1171875
