0 0.546875 0.03125 0.0390625 0.0390625
0 0.36328125 0.04296875 0.0390625 0.0390625
0 0.2890625 0.05078125 0.0390625 0.0390625
0 0.38671875 0.05859375 0.0390625 0.0390625
0 0.47265625 0.05859375 0.0390625 0.0390625
0 0.43359375 0.0703125 0.0390625 0.0390625
0 0.5625 0.0703125 0.0390625 0.0390625
0 0.24609375 0.07421875 0.0390625 0.0390625
0 0.1484375 0.0859375 0.0390625 0.0390625
0 0.16796875 0.08984375 0.0390625 0.0390625
0 0.046875 0.1328125 0.0390625 0.0390625
0 0.41015625 0.3125 0.0390625 0.0390625
0 0.1953125 0.37890625 0.0390625 0.0390625
0 0.171875 0.3828125 0.0390625 0.0390625
0 0.26953125 0.39453125 0.0390625 0.0390625
0 0.328125 0.39453125 0.0390625 0.0390625
0 0.32421875 0.6796875 0.0390625 0.0390625
0 0.46875 0.76953125 0.0390625 0.0390625
