0 0.822265625 0.263671875 0.04296875 0.05078125
0 0.935546875 0.212890625 0.04296875 0.04296875
0 0.404296875 0.326171875 0.05078125 0.04296875
0 0.376953125 0.361328125 0.04296875 0.04296875
0 0.35546875 0.40625 0.03125 0.0390625
0 0.337890625 0.453125 0.04296875 0.0390625
0 0.318359375 0.525390625 0.05859375 0.04296875
0 0.32421875 0.49609375 0.0390625 0.03125
0 0.59375 0.59765625 0.0703125 0.0625
0 0.6953125 0.5234375 0.0859375 0.078125
0 0.447265625 0.716796875 0.05859375 0.05078125
0 0.724609375 0.44140625 0.04296875 0.046875
0 0.28515625 0.611328125 0.046875 0.04296875
0 0.302734375 0.556640625 0.04296875 0.04296875
0 0.853515625 0.2421875 0.05859375 0.0703125
0 0.97265625 0.0546875 0.0546875 0.078125
0 0.966796875 0.201171875 0.05078125 0.05078125
0 0.7578125 0.4140625 0.046875 0.046875
0 0.802734375 0.384765625 0.05078125 0.05078125
0 0.921875 0.396484375 0.046875 0.07421875
0 0.5546875 0.662109375 0.046875 0.04296875
