0 0.8515625 0.52734375 0.15625 0.15625
0 0.93359375 0.52734375 0.1328125 0.15625
0 0.9140625 0.53125 0.15625 0.15625
0 0.734375 0.53515625 0.15625 0.15625
0 0.8984375 0.53515625 0.15625 0.15625
0 0.67578125 0.54296875 0.15625 0.15625
0 0.62890625 0.58984375 0.15625 0.15625
0 0.51953125 0.67578125 0.15625 0.15625
0 0.44140625 0.73046875 0.15625 0.15625
0 0.81640625 0.53125 0.15625 0.15625
0 0.7734375 0.5390625 0.15625 0.15625
0 0.58984375 0.61328125 0.15625 0.15625
0 0.57421875 0.62890625 0.15625 0.15625
0 0.48046875 0.70703125 0.15625 0.15625
0 0.4375 0.765625 0.15625 0.15625
