0 0.078125 0.4453125 0.0390625 0.0390625
0 0.109375 0.45703125 0.0390625 0.0390625
0 0.0546875 0.4609375 0.0390625 0.0390625
0 0.14453125 0.48828125 0.0390625 0.0390625
0 0.41015625 0.65234375 0.0390625 0.0390625
0 0.25 0.67578125 0.0390625 0.0390625
0 0.359375 0.67578125 0.0390625 0.0390625
0 0.32421875 0.70703125 0.0390625 0.0390625
0 0.203125 0.33203125 0.0390625 0.0390625
0 0.29296875 0.30078125 0.0390625 0.0390625
0 0.33203125 0.26953125 0.0390625 0.0390625
0 0.3671875 0.27734375 0.0390625 0.0390625
0 0.39453125 0.22265625 0.0390625 0.0390625
0 0.4453125 0.21875 0.0390625 0.0390625
0 0.46875 0.265625 0.0390625 0.0390625
0 0.5078125 0.42578125 0.0390625 0.0390625
0 0.51953125 0.4296875 0.0390625 0.0390625
