0 0.62109375 0.24609375 0.15625 0.15625
0 0.484375 0.25 0.15625 0.15625
0 0.4453125 0.28515625 0.15625 0.15625
0 0.72265625 0.30859375 0.15625 0.15625
0 0.81640625 0.3125 0.15625 0.15625
0 0.37109375 0.3203125 0.15625 0.15625
0 0.91015625 0.6171875 0.15625 0.15625
0 0.7265625 0.671875 0.15625 0.15625
0 0.7734375 0.71875 0.15625 0.15625
0 0.8359375 0.3359375 0.15625 0.15625
0 0.79296875 0.30078125 0.15625 0.15625
0 0.7734375 0.3046875 0.15625 0.15625
0 0.59375 0.2421875 0.15625 0.15625
0 0.43359375 0.28515625 0.15625 0.15625
0 0.3125 0.38671875 0.15625 0.15625
0 0.265625 0.4296875 0.15625 0.15625
0 0.12109375 0.8671875 0.15625 0.15625
0 0.28515625 0.91015625 0.15625 0.15625
0 0.375 0.86328125 0.15625 0.15625
0 0.24609375 0.94140625 0.15625 0.1171875
