0 0.68359375 0.01171875 0.0390625 0.0234375
0 0.75 0.01171875 0.0390625 0.0234375
0 0.71875 0.015625 0.0390625 0.03125
0 0.640625 0.09765625 0.0390625 0.0390625
0 0.4765625 0.30859375 0.0390625 0.0390625
0 0.75390625 0.31640625 0.0390625 0.0390625
0 0.5546875 0.32421875 0.0390625 0.0390625
0 0.51953125 0.33203125 0.0390625 0.0390625
0 0.66796875 0.33203125 0.0390625 0.0390625
0 0.54296875 0.33984375 0.0390625 0.0390625
0 0.5859375 0.33984375 0.0390625 0.0390625
0 0.8828125 0.34375 0.0390625 0.0390625
0 0.66015625 0.6484375 0.0390625 0.0390625
0 0.640625 0.66796875 0.0390625 0.0390625
0 0.0390625 0.8515625 0.0390625 0.0390625
0 0.01171875 0.859375 0.0234375 0.0390625
