0 0.609375 0.15234375 0.15625 0.15625
0 0.21875 0.48046875 0.15625 0.15625
0 0.171875 0.484375 0.15625 0.15625
0 0.52734375 0.484375 0.15625 0.15625
0 0.25390625 0.49609375 0.15625 0.15625
0 0.2578125 0.51171875 0.15625 0.15625
0 0.84375 0.1796875 0.15625 0.15625
0 0.80859375 0.1640625 0.15625 0.15625
0 0.76171875 0.1484375 0.15625 0.15625
0 0.7265625 0.140625 0.15625 0.15625
0 0.55859375 0.296875 0.15625 0.15625
0 0.5234375 0.515625 0.15625 0.15625
0 0.390625 0.50390625 0.15625 0.15625
0 0.203125 0.71484375 0.15625 0.15625
0 0.2109375 0.7265625 0.15625 0.15625
