0 0.8515625 0.37890625 0.15625 0.15625
0 0.93359375 0.37890625 0.1328125 0.15625
0 0.9140625 0.3828125 0.15625 0.15625
0 0.734375 0.38671875 0.15625 0.15625
0 0.8984375 0.38671875 0.15625 0.15625
0 0.67578125 0.39453125 0.15625 0.15625
0 0.62890625 0.44140625 0.15625 0.15625
0 0.51953125 0.52734375 0.15625 0.15625
0 0.44140625 0.58203125 0.15625 0.15625
0 0.94921875 0.3671875 0.1015625 0.15625
0 0.81640625 0.37890625 0.15625 0.15625
0 0.7734375 0.390625 0.15625 0.15625
0 0.58984375 0.46484375 0.15625 0.15625
0 0.57421875 0.48046875 0.15625 0.15625
0 0.48046875 0.5625 0.15625 0.15625
0 0.4375 0.61328125 0.15625 0.15625
