0 0.41796875 0.51171875 0.109375 0.1015625
0 0.46484375 0.64453125 0.125 0.1171875
0 0.484375 0.6796875 0.1015625 0.09375
0 0.44140625 0.62109375 0.078125 0.0703125
0 0.31640625 0.48828125 0.1015625 0.09375
0 0.203125 0.51171875 0.109375 0.09375
0 0.34765625 0.24609375 0.109375 0.1015625
0 0.10546875 0.359375 0.109375 0.0703125
0 0.44140625 0.65234375 0.1328125 0.109375
0 0.400390625 0.51953125 0.11328125 0.1171875
0 0.17578125 0.513671875 0.140625 0.10546875
0 0.443359375 0.64453125 0.09765625 0.1015625
0 0.05859375 0.375 0.09375 0.078125
0 0.34375 0.2578125 0.1015625 0.0859375
