0 0.453125 0.5546875 0.0390625 0.0390625
0 0.4921875 0.5625 0.0390625 0.0390625
0 0.55078125 0.5625 0.0390625 0.0390625
0 0.64453125 0.57421875 0.0390625 0.0390625
0 0.72265625 0.57421875 0.0390625 0.0390625
0 0.328125 0.59765625 0.0390625 0.0390625
0 0.39453125 0.59765625 0.0390625 0.0390625
0 0.72265625 0.6015625 0.0390625 0.0390625
0 0.36328125 0.60546875 0.0390625 0.0390625
0 0.76171875 0.609375 0.0390625 0.0390625
0 0.28515625 0.69140625 0.0390625 0.0390625
0 0.12109375 0.90234375 0.0390625 0.0390625
0 0.3984375 0.91015625 0.0390625 0.0390625
0 0.19921875 0.91796875 0.0390625 0.0390625
0 0.1640625 0.92578125 0.0390625 0.0390625
0 0.3125 0.92578125 0.0390625 0.0390625
0 0.1875 0.93359375 0.0390625 0.0390625
0 0.23046875 0.93359375 0.0390625 0.0390625
0 0.52734375 0.9375 0.0390625 0.0390625
